Transferring V5 to download channel
Established terminal connection



         _+=+_
      .-`  .  `-.          8888888b.  8888888b.   .d88888b.   .d8888b.
   _+`     "     `+_       888   Y88b 888   Y88b d88P" "Y88b d88P  Y88b
  \\\sssssssssssss///      888    888 888    888 888     888 Y88b.
     .ss\  *  /ss.         888   d88P 888   d88P 888     888  "Y888b.
 .+bm  .s  *  s.  md+.     8888888P"  8888888P"  888     888     "Y88b.
.hMMMMs .  *  . sMMMMh.    888        888 T88b   888     888       "888
 `\hMMMb \ | / dMMMh:      888        888  T88b  Y88b. .d88P Y88b  d88P
   -SNMNo  -  oNMNs-       888        888   T88b  "Y88888P"   "Y8888P"
     `+dMh\./dMd/
        `:yNy:`                      Powered by PROS for VEX V5
           "                Copyright (c) Purdue University ACM SIGBots
Version:        4.2.2     Platform:  V1.1.5 (b18)     Uptime:    0.000 s
Compiled:   Jun 10 2026 14:47:29     Directory:                        


Chassis Calibrated
0.51,-0.05,90.42
1.57,-0.02,90.56
3.22,-0.04,90.94
5.20,-0.13,92.62
7.28,-0.18,93.34
9.48,-0.21,93.84
11.72,-0.24,94.36
14.02,-0.29,94.47
16.29,-0.30,94.59
18.58,-0.26,94.79
20.84,-0.23,94.80
23.12,-0.20,94.82
25.40,-0.16,94.79
27.69,-0.19,94.86
29.93,-0.18,95.03
31.56,0.29,95.17
32.38,1.82,95.08
32.49,4.41,94.71
32.59,7.37,94.45
32.62,10.56,94.54
32.62,13.84,94.34
32.59,17.15,94.38
32.54,20.43,94.42
32.47,23.67,94.41
32.35,26.81,94.36
32.28,29.82,94.53
32.20,32.82,94.88
32.13,35.80,94.93
31.98,37.65,94.86
30.87,38.34,94.94
28.24,38.32,94.51
25.48,38.37,93.47
22.49,38.34,92.55
19.26,38.49,91.21
15.98,38.58,90.35
12.64,38.80,89.32
10.15,39.31,88.61
8.74,41.17,88.63
8.16,43.64,88.97
7.79,46.25,89.40
7.54,48.89,89.90
7.36,51.51,90.31
7.27,54.15,90.76
7.21,56.81,91.04
7.16,59.49,91.35
7.07,62.18,91.78
7.21,64.20,91.85
8.14,65.54,91.98
9.37,66.61,92.82
10.70,67.67,93.68
12.06,68.80,94.23
13.47,69.97,94.70
14.83,71.03,95.25
16.18,72.08,95.45
17.48,72.81,95.29
18.78,73.20,95.36
20.06,73.32,95.37
21.39,73.39,95.55
23.02,73.51,95.55
24.90,73.85,95.60
26.90,74.32,95.73
28.87,74.73,95.77
30.87,75.10,95.67
32.86,75.40,95.82
34.87,75.67,95.84
36.86,75.87,95.82
38.94,76.03,95.83
41.17,76.37,95.97
43.44,77.00,95.96
45.76,77.91,96.18
48.03,79.01,96.32
50.33,80.22,96.39
52.63,81.29,96.29
54.91,82.31,96.19
57.22,83.18,96.08
59.50,83.80,96.14
61.80,84.29,96.28
64.11,84.68,96.24
66.43,84.85,96.08
68.74,84.93,96.15
71.05,84.98,96.16
73.34,85.00,96.16
75.64,85.00,96.18
77.89,84.94,96.21
79.77,84.82,96.02
81.29,84.35,96.05
82.49,83.52,96.20
83.16,82.31,96.12
83.42,80.74,95.76
83.57,78.99,95.29
83.68,77.16,94.81
83.79,75.33,93.99
83.91,73.42,93.53
83.98,71.46,92.85
84.08,69.34,92.21
84.25,67.08,91.60
84.28,64.87,91.06
84.32,62.59,90.36
84.19,60.30,90.01
83.80,57.98,89.42
83.30,55.73,89.19
82.71,53.48,89.10
82.15,51.19,88.73
81.92,48.94,88.44
81.88,46.68,88.02
81.91,44.45,87.54
81.96,42.16,87.24
81.89,39.82,86.86
81.72,37.43,86.61
81.45,35.05,86.33
80.92,32.63,86.07
80.28,30.19,85.92
79.59,27.77,85.79
78.89,25.36,85.67
78.21,22.95,85.35
77.59,20.56,85.10
76.94,18.16,85.02
76.29,15.77,84.88
75.66,13.37,84.86
75.13,10.98,84.83
74.83,8.58,84.83
74.70,6.19,84.58
74.73,3.97,84.33
75.12,2.45,84.17
75.55,1.13,84.10
76.08,-0.19,83.71
76.57,-1.68,83.65
76.75,-3.64,83.65
76.83,-5.70,83.58
76.93,-7.16,83.14
76.95,-8.30,82.10
76.42,-7.76,82.26
WARNING - pros.serial.terminal.terminal:stop - Stopping terminal - pros-cli version:3.5.6
